{
 "cells": [
  {
   "cell_type": "code",
   "execution_count": 1,
   "id": "517f9dfc-2b26-4578-aca9-d75cd2fa914f",
   "metadata": {},
   "outputs": [],
   "source": [
    "import numpy as np\n",
    "\n",
    "def classical_gram_schmidt(A):\n",
    "    \"\"\"\n",
    "    Perform QR factorization of matrix A using the Classical Gram-Schmidt process.\n",
    "    \n",
    "    Parameters:\n",
    "        A (np.ndarray): Input matrix of shape (m, n).\n",
    "    \n",
    "    Returns:\n",
    "        Q (np.ndarray): Orthonormal matrix with shape (m, n).\n",
    "        R (np.ndarray): Upper triangular matrix with shape (n, n).\n",
    "        flag (int): Error flag, 0 if successful, 1 if an error occurs.\n",
    "    \"\"\"\n",
    "    m, n = A.shape\n",
    "    Q = np.zeros((m, n))  # Orthonormal matrix\n",
    "    R = np.zeros((n, n))  # Upper triangular matrix\n",
    "    flag = 0  # Initialize error flag (0 means no error)\n",
    "    \n",
    "    for j in range(n):\n",
    "        # Copy column j of A into vector v\n",
    "        v = A[:, j]\n",
    "        \n",
    "        # Orthogonalization step\n",
    "        for i in range(j):\n",
    "            R[i, j] = np.dot(Q[:, i], v)  # Compute projection onto Q[:, i]\n",
    "            v = v - R[i, j] * Q[:, i]  # Subtract projection from v\n",
    "        \n",
    "        # Normalization step\n",
    "        R[j, j] = np.linalg.norm(v)  # Compute the norm of the vector v\n",
    "        if R[j, j] < np.finfo(float).eps:  # Check for near-zero pivot\n",
    "            flag = 1  # Set error flag if linear dependence or instability occurs\n",
    "            return Q, R, flag\n",
    "        \n",
    "        Q[:, j] = v / R[j, j]  # Normalize v to get an orthonormal column in Q\n",
    "    \n",
    "    return Q, R, flag\n"
   ]
  },
  {
   "cell_type": "code",
   "execution_count": 10,
   "id": "09c81a57-6448-47b0-9c32-095bd1ac7463",
   "metadata": {},
   "outputs": [],
   "source": [
    "def generate_uniform_matrix(m, n):\n",
    "    \"\"\"Generate an m x n matrix with entries uniformly distributed in [0, 1].\"\"\"\n",
    "    return np.random.uniform(0, 1, (m, n))\n",
    "\n",
    "def generate_custom_matrix(m, n):\n",
    "    \"\"\"Generate an m x n matrix with entries a_ij = ((2*i - 21)/19)^(j-1).\"\"\"\n",
    "    A = np.zeros((m, n))\n",
    "    for i in range(m):\n",
    "        for j in range(n):\n",
    "            A[i, j] = ((2 * (i + 1) - 21) / 19) ** (j)\n",
    "    return A\n",
    "\n",
    "def generate_hilbert_matrix(m, n):\n",
    "    # Code to generate an m x n Hilbert matrix\n",
    "    H = np.array([[1 / (i + j + 1) for j in range(n)] for i in range(m)])\n",
    "    return H"
   ]
  },
  {
   "cell_type": "code",
   "execution_count": 5,
   "id": "11b8533a-b46c-4138-9ebf-92d549c22187",
   "metadata": {},
   "outputs": [
    {
     "name": "stdout",
     "output_type": "stream",
     "text": [
      "\n",
      "Results for\n",
      "Q^T * Q:\n",
      "[[ 1.00000000e+00 -5.84694706e-17 -2.11713919e-16  5.41209013e-17\n",
      "  -3.28872177e-17 -2.80489112e-16 -2.51573657e-16 -1.35022475e-16\n",
      "  -4.21355055e-17 -6.97597789e-16]\n",
      " [-5.84694706e-17  1.00000000e+00  1.06811313e-16 -7.60784164e-17\n",
      "  -8.50029353e-17  4.64057970e-17 -7.77957456e-17  1.09281621e-16\n",
      "   1.14028374e-16  1.12714325e-16]\n",
      " [-2.11713919e-16  1.06811313e-16  1.00000000e+00  4.20417813e-17\n",
      "   1.50079335e-16 -8.28928693e-19 -6.76134552e-17  5.25055505e-17\n",
      "  -1.42749094e-16  1.83957875e-17]\n",
      " [ 5.41209013e-17 -7.60784164e-17  4.20417813e-17  1.00000000e+00\n",
      "   1.63479252e-17  1.11694592e-16 -4.36380144e-17  1.82940379e-16\n",
      "  -4.19716735e-17 -1.67435209e-17]\n",
      " [-3.28872177e-17 -8.50029353e-17  1.50079335e-16  1.63479252e-17\n",
      "   1.00000000e+00  3.78120734e-17  1.31329598e-16 -4.24375150e-18\n",
      "   2.23294086e-16  1.52207807e-17]\n",
      " [-2.80489112e-16  4.64057970e-17 -8.28928693e-19  1.11694592e-16\n",
      "   3.78120734e-17  1.00000000e+00 -4.22539873e-17 -1.51635414e-17\n",
      "  -3.97598963e-17 -1.55824992e-16]\n",
      " [-2.51573657e-16 -7.77957456e-17 -6.76134552e-17 -4.36380144e-17\n",
      "   1.31329598e-16 -4.22539873e-17  1.00000000e+00  4.88966189e-17\n",
      "  -2.84092950e-16  1.43862447e-16]\n",
      " [-1.35022475e-16  1.09281621e-16  5.25055505e-17  1.82940379e-16\n",
      "  -4.24375150e-18 -1.51635414e-17  4.88966189e-17  1.00000000e+00\n",
      "   3.75006500e-17  3.77685946e-17]\n",
      " [-4.21355055e-17  1.14028374e-16 -1.42749094e-16 -4.19716735e-17\n",
      "   2.23294086e-16 -3.97598963e-17 -2.84092950e-16  3.75006500e-17\n",
      "   1.00000000e+00  1.04154693e-17]\n",
      " [-6.97597789e-16  1.12714325e-16  1.83957875e-17 -1.67435209e-17\n",
      "   1.52207807e-17 -1.55824992e-16  1.43862447e-16  3.77685946e-17\n",
      "   1.04154693e-17  1.00000000e+00]]\n"
     ]
    }
   ],
   "source": [
    "Q, R, err = classical_gram_schmidt(A)\n",
    "if err == 1:\n",
    "    print(f\"Error occurred in Classical Gram-Schmidt for {name}\")\n",
    "else:\n",
    "    print(f\"\\nResults for\")\n",
    "    print(\"Q^T * Q:\")\n",
    "    print(np.dot(Q.T, Q))  # This should ideally be close to the identity matrix"
   ]
  },
  {
   "cell_type": "code",
   "execution_count": 3,
   "id": "33680258-38ae-4d6e-a358-0e63c407c769",
   "metadata": {},
   "outputs": [
    {
     "data": {
      "text/plain": [
       "(array([[ 0.33643377,  0.1293123 , -0.04991244, -0.24573336, -0.20768977,\n",
       "         -0.25166774,  0.32539568, -0.09529423,  0.32735892,  0.00724681],\n",
       "        [ 0.11029837,  0.34342394, -0.00073449, -0.13447008,  0.32674636,\n",
       "          0.11252791, -0.00613337, -0.18208409, -0.04953337, -0.02070174],\n",
       "        [ 0.29500949, -0.16419639, -0.09096351, -0.12738261,  0.01330728,\n",
       "          0.29997958,  0.43539953, -0.2241236 , -0.24075398, -0.16390212],\n",
       "        [ 0.08788938,  0.33922486, -0.07860687,  0.01208143,  0.1867219 ,\n",
       "          0.52939596, -0.10714924, -0.05130679,  0.12400676,  0.49895618],\n",
       "        [ 0.23207126, -0.00781437, -0.16300584,  0.34019915, -0.14011631,\n",
       "          0.02574609, -0.2229444 ,  0.17302947, -0.16634054, -0.22458064],\n",
       "        [ 0.04593282,  0.35733089, -0.17578119,  0.45454576,  0.31280149,\n",
       "         -0.12463795,  0.09196422, -0.05913021,  0.16790745, -0.09038888],\n",
       "        [ 0.10584557, -0.09105698,  0.09811472,  0.02408239,  0.18687718,\n",
       "          0.15016307,  0.2639557 ,  0.17826237, -0.14208459,  0.06936464],\n",
       "        [ 0.26903665, -0.38621435,  0.14662817,  0.27361531,  0.15770174,\n",
       "         -0.39240817,  0.13827656, -0.1095287 , -0.09000666,  0.37929148],\n",
       "        [ 0.14586954,  0.36479238,  0.14715031,  0.0322508 ,  0.29390731,\n",
       "         -0.36393197, -0.08054926, -0.00688845, -0.41068076, -0.06949404],\n",
       "        [ 0.24484373, -0.19219242, -0.28341961,  0.04413335,  0.33979872,\n",
       "          0.03467608, -0.19819016,  0.36037928,  0.34842782, -0.31362915],\n",
       "        [ 0.249168  , -0.07999649, -0.36853256,  0.28025036, -0.15335244,\n",
       "          0.03824294,  0.06020124,  0.26645055, -0.16818954,  0.2988263 ],\n",
       "        [ 0.29122891,  0.22023462, -0.09231146, -0.2254206 , -0.04232927,\n",
       "         -0.191606  ,  0.28258466,  0.15008654,  0.2736967 ,  0.12012666],\n",
       "        [ 0.05515706,  0.05686042,  0.36624438,  0.19284116,  0.09525804,\n",
       "          0.11346792,  0.23102412,  0.09673376,  0.16108123, -0.33231191],\n",
       "        [ 0.07294037,  0.01331993,  0.40070489,  0.29728647, -0.02472757,\n",
       "          0.11620926,  0.11618391, -0.17023587,  0.07957688, -0.1989641 ],\n",
       "        [ 0.35398267,  0.1024454 , -0.25223527,  0.01214405, -0.28211257,\n",
       "          0.10972881, -0.1577845 , -0.41229474, -0.26108223, -0.26659606],\n",
       "        [ 0.30998057, -0.39617889,  0.18039357, -0.07643009,  0.30294488,\n",
       "          0.23069162, -0.22232811, -0.22661381,  0.15242142,  0.07123985],\n",
       "        [ 0.01481636,  0.11801825,  0.2225015 ,  0.26633037, -0.18311052,\n",
       "          0.21097896,  0.2188483 ,  0.22744502, -0.16878529,  0.18239053],\n",
       "        [ 0.27312374,  0.0703041 ,  0.27370955, -0.14767535,  0.02056223,\n",
       "         -0.18855841, -0.39455989, -0.03225754, -0.08656195,  0.17687379],\n",
       "        [ 0.27197248,  0.09066267,  0.28508401, -0.30366942, -0.10099116,\n",
       "          0.12824197, -0.10763057,  0.53185673, -0.18700754, -0.11421571],\n",
       "        [ 0.18350963,  0.12343786,  0.22711333,  0.2418976 , -0.43062258,\n",
       "          0.03235905, -0.24591234, -0.09448118,  0.38079356,  0.07573014]]),\n",
       " array([[ 2.76344649,  2.19127168,  2.11428739,  1.81015073,  1.69506656,\n",
       "          1.80261283,  1.92905994,  1.61572787,  2.08999312,  2.40044696],\n",
       "        [ 0.        ,  1.48904117,  1.09433747,  0.55375679, -0.01675217,\n",
       "          0.25782775,  1.17729921,  0.50605692,  0.62234167,  0.62880026],\n",
       "        [ 0.        ,  0.        ,  1.08428165,  0.47138285,  0.5039928 ,\n",
       "          0.26252142,  0.20043345,  0.13526476,  0.17768135,  0.01558437],\n",
       "        [ 0.        ,  0.        ,  0.        ,  1.71220991,  0.71771917,\n",
       "          0.85780264,  0.07677776,  1.18912339,  0.27233047,  0.31276815],\n",
       "        [ 0.        ,  0.        ,  0.        ,  0.        ,  1.30433082,\n",
       "          0.17474267,  0.6862243 ,  0.2695285 ,  1.1647183 ,  0.10664359],\n",
       "        [ 0.        ,  0.        ,  0.        ,  0.        ,  0.        ,\n",
       "          1.1134557 ,  0.37421098,  0.39702949,  0.45509935,  0.26328065],\n",
       "        [ 0.        ,  0.        ,  0.        ,  0.        ,  0.        ,\n",
       "          0.        ,  1.11273916, -0.03277481,  0.80701776, -0.22920622],\n",
       "        [ 0.        ,  0.        ,  0.        ,  0.        ,  0.        ,\n",
       "          0.        ,  0.        ,  1.15664333, -0.05919049,  0.06866539],\n",
       "        [ 0.        ,  0.        ,  0.        ,  0.        ,  0.        ,\n",
       "          0.        ,  0.        ,  0.        ,  0.89191144,  0.1212498 ],\n",
       "        [ 0.        ,  0.        ,  0.        ,  0.        ,  0.        ,\n",
       "          0.        ,  0.        ,  0.        ,  0.        ,  0.74436744]]),\n",
       " 0)"
      ]
     },
     "execution_count": 3,
     "metadata": {},
     "output_type": "execute_result"
    }
   ],
   "source": [
    "A= generate_uniform_matrix(20, 10)\n",
    "classical_gram_schmidt(A)"
   ]
  },
  {
   "cell_type": "code",
   "execution_count": 6,
   "id": "bf0f0fb9-b943-48c0-92d8-abda76d7672c",
   "metadata": {},
   "outputs": [
    {
     "data": {
      "text/plain": [
       "(array([[ 0.2236068 , -0.3683942 ,  0.43019174, -0.43760939,  0.40514757,\n",
       "         -0.34694765,  0.27676848, -0.20629104,  0.14377084, -0.09360962],\n",
       "        [ 0.2236068 , -0.32961586,  0.29434172, -0.16122451, -0.02132356,\n",
       "          0.20086443, -0.33503553,  0.40172466, -0.40104498,  0.34980438],\n",
       "        [ 0.2236068 , -0.29083753,  0.17358614,  0.03838679, -0.23455912,\n",
       "          0.32260045, -0.2670573 ,  0.09771681,  0.1135033 , -0.29068251],\n",
       "        [ 0.2236068 , -0.25205919,  0.06792501,  0.1702567 , -0.29309437,\n",
       "          0.21876678,  0.00085687, -0.22417386,  0.31647389, -0.22982177],\n",
       "        [ 0.2236068 , -0.21328085, -0.02264167,  0.2434174 , -0.24814766,\n",
       "          0.0334774 ,  0.21378865, -0.28452836,  0.12218296,  0.1418635 ],\n",
       "        [ 0.2236068 , -0.17450252, -0.09811391,  0.26690108, -0.14362042,\n",
       "         -0.13802716,  0.2757688 , -0.12358302, -0.16090761,  0.28879873],\n",
       "        [ 0.2236068 , -0.13572418, -0.15849169,  0.24973993, -0.01609719,\n",
       "         -0.24186082,  0.19322381,  0.10250685, -0.27574624,  0.11056369],\n",
       "        [ 0.2236068 , -0.09694584, -0.20377504,  0.20096613,  0.1051544 ,\n",
       "         -0.25797294,  0.02784822,  0.24812406, -0.16357828, -0.16330967],\n",
       "        [ 0.2236068 , -0.05816751, -0.23396393,  0.12961186,  0.19818364,\n",
       "         -0.19262934, -0.14109766,  0.241418  ,  0.06543131, -0.26981597],\n",
       "        [ 0.2236068 , -0.01938917, -0.24905838,  0.04470932,  0.24835671,\n",
       "         -0.07089333, -0.24506435,  0.09835548,  0.23991481, -0.12780757],\n",
       "        [ 0.2236068 ,  0.01938917, -0.24905838, -0.04470932,  0.24835671,\n",
       "          0.07089333, -0.24506435, -0.09835548,  0.23991481,  0.12780757],\n",
       "        [ 0.2236068 ,  0.05816751, -0.23396393, -0.12961186,  0.19818364,\n",
       "          0.19262934, -0.14109766, -0.241418  ,  0.06543131,  0.26981597],\n",
       "        [ 0.2236068 ,  0.09694584, -0.20377504, -0.20096613,  0.1051544 ,\n",
       "          0.25797294,  0.02784822, -0.24812406, -0.16357828,  0.16330967],\n",
       "        [ 0.2236068 ,  0.13572418, -0.15849169, -0.24973993, -0.01609719,\n",
       "          0.24186082,  0.19322381, -0.10250685, -0.27574624, -0.11056369],\n",
       "        [ 0.2236068 ,  0.17450252, -0.09811391, -0.26690108, -0.14362042,\n",
       "          0.13802716,  0.2757688 ,  0.12358302, -0.16090761, -0.28879873],\n",
       "        [ 0.2236068 ,  0.21328085, -0.02264167, -0.2434174 , -0.24814766,\n",
       "         -0.0334774 ,  0.21378865,  0.28452836,  0.12218296, -0.1418635 ],\n",
       "        [ 0.2236068 ,  0.25205919,  0.06792501, -0.1702567 , -0.29309437,\n",
       "         -0.21876678,  0.00085687,  0.22417386,  0.31647389,  0.22982177],\n",
       "        [ 0.2236068 ,  0.29083753,  0.17358614, -0.03838679, -0.23455912,\n",
       "         -0.32260045, -0.2670573 , -0.09771681,  0.1135033 ,  0.29068251],\n",
       "        [ 0.2236068 ,  0.32961586,  0.29434172,  0.16122451, -0.02132356,\n",
       "         -0.20086443, -0.33503553, -0.40172466, -0.40104498, -0.34980438],\n",
       "        [ 0.2236068 ,  0.3683942 ,  0.43019174,  0.43760939,  0.40514757,\n",
       "          0.34694765,  0.27676848,  0.20629104,  0.14377084,  0.09360962]]),\n",
       " array([[ 4.47213595e+00, -4.16333634e-17,  1.64762904e+00,\n",
       "          5.55111512e-17,  1.08898695e+00,  0.00000000e+00,\n",
       "          8.53990295e-01,  0.00000000e+00,  7.26806868e-01,\n",
       "         -2.77555756e-17],\n",
       "        [ 0.00000000e+00,  2.71448357e+00,  0.00000000e+00,\n",
       "          1.79411573e+00, -2.77555756e-17,  1.40695665e+00,\n",
       "          5.55111512e-17,  1.19742081e+00,  0.00000000e+00,\n",
       "          1.06849213e+00],\n",
       "        [ 0.00000000e+00,  0.00000000e+00,  1.46813359e+00,\n",
       "          1.38777878e-17,  1.37924382e+00,  2.77555756e-17,\n",
       "          1.25555326e+00,  0.00000000e+00,  1.15990550e+00,\n",
       "          0.00000000e+00],\n",
       "        [ 0.00000000e+00,  0.00000000e+00,  0.00000000e+00,\n",
       "          7.74796385e-01,  0.00000000e+00,  9.37195997e-01,\n",
       "         -1.38777878e-17,  9.70697356e-01, -2.77555756e-17,\n",
       "          9.69119020e-01],\n",
       "        [ 0.00000000e+00,  0.00000000e+00,  0.00000000e+00,\n",
       "          0.00000000e+00,  4.02707125e-01,  6.93889390e-18,\n",
       "          5.92753248e-01,  0.00000000e+00,  6.86833542e-01,\n",
       "          2.77555756e-17],\n",
       "        [ 0.00000000e+00,  0.00000000e+00,  0.00000000e+00,\n",
       "          0.00000000e+00,  0.00000000e+00,  2.06254652e-01,\n",
       "          2.77555756e-17,  3.55946395e-01,  1.04083409e-17,\n",
       "          4.54920963e-01],\n",
       "        [ 0.00000000e+00,  0.00000000e+00,  0.00000000e+00,\n",
       "          0.00000000e+00,  0.00000000e+00,  0.00000000e+00,\n",
       "          1.03916396e-01,  5.20417043e-18,  2.04723936e-01,\n",
       "         -1.38777878e-17],\n",
       "        [ 0.00000000e+00,  0.00000000e+00,  0.00000000e+00,\n",
       "          0.00000000e+00,  0.00000000e+00,  0.00000000e+00,\n",
       "          0.00000000e+00,  5.13647014e-02, -4.33680869e-18,\n",
       "          1.13191498e-01],\n",
       "        [ 0.00000000e+00,  0.00000000e+00,  0.00000000e+00,\n",
       "          0.00000000e+00,  0.00000000e+00,  0.00000000e+00,\n",
       "          0.00000000e+00,  0.00000000e+00,  2.48256542e-02,\n",
       "          7.63278329e-17],\n",
       "        [ 0.00000000e+00,  0.00000000e+00,  0.00000000e+00,\n",
       "          0.00000000e+00,  0.00000000e+00,  0.00000000e+00,\n",
       "          0.00000000e+00,  0.00000000e+00,  0.00000000e+00,\n",
       "          1.16864792e-02]]),\n",
       " 0)"
      ]
     },
     "execution_count": 6,
     "metadata": {},
     "output_type": "execute_result"
    }
   ],
   "source": [
    "A= generate_custom_matrix(20, 10)\n",
    "classical_gram_schmidt(A)"
   ]
  },
  {
   "cell_type": "code",
   "execution_count": 7,
   "id": "52c6db4e-c97b-4c70-890f-1fd8fae63eb0",
   "metadata": {},
   "outputs": [
    {
     "name": "stdout",
     "output_type": "stream",
     "text": [
      "\n",
      "Results for\n",
      "Q^T * Q:\n",
      "[[ 1.00000000e+00  2.20671722e-18 -1.51242602e-16 -2.67129430e-17\n",
      "   4.41535697e-16  1.50556160e-16 -7.93781315e-16 -1.38226681e-16\n",
      "   1.46718423e-15  9.46879578e-16]\n",
      " [ 2.20671722e-18  1.00000000e+00 -1.18453600e-17  8.77096112e-17\n",
      "   1.63817010e-19 -4.62030958e-16 -2.96502066e-16  2.42607100e-15\n",
      "   1.66751386e-15 -2.83019334e-14]\n",
      " [-1.51242602e-16 -1.18453600e-17  1.00000000e+00 -1.24311656e-17\n",
      "   6.70052630e-16 -1.75533549e-16 -2.63258339e-15  4.16773084e-16\n",
      "   9.33256973e-15 -6.76637626e-16]\n",
      " [-2.67129430e-17  8.77096112e-17 -1.24311656e-17  1.00000000e+00\n",
      "   1.90847706e-17  3.64838765e-16  1.13223896e-16 -3.81976001e-15\n",
      "  -8.31096746e-16  2.69641296e-14]\n",
      " [ 4.41535697e-16  1.63817010e-19  6.70052630e-16  1.90847706e-17\n",
      "   1.00000000e+00  8.53761409e-17 -9.75713780e-16 -1.82395505e-16\n",
      "   5.58691814e-15 -7.04231221e-16]\n",
      " [ 1.50556160e-16 -4.62030958e-16 -1.75533549e-16  3.64838765e-16\n",
      "   8.53761409e-17  1.00000000e+00 -1.16990887e-16 -4.44112933e-17\n",
      "   1.49366138e-16 -3.30345376e-15]\n",
      " [-7.93781315e-16 -2.96502066e-16 -2.63258339e-15  1.13223896e-16\n",
      "  -9.75713780e-16 -1.16990887e-16  1.00000000e+00  9.48637453e-18\n",
      "  -1.37344660e-15  9.31685495e-16]\n",
      " [-1.38226681e-16  2.42607100e-15  4.16773084e-16 -3.81976001e-15\n",
      "  -1.82395505e-16 -4.44112933e-17  9.48637453e-18  1.00000000e+00\n",
      "  -8.17892725e-17 -7.39452367e-16]\n",
      " [ 1.46718423e-15  1.66751386e-15  9.33256973e-15 -8.31096746e-16\n",
      "   5.58691814e-15  1.49366138e-16 -1.37344660e-15 -8.17892725e-17\n",
      "   1.00000000e+00 -1.15704963e-16]\n",
      " [ 9.46879578e-16 -2.83019334e-14 -6.76637626e-16  2.69641296e-14\n",
      "  -7.04231221e-16 -3.30345376e-15  9.31685495e-16 -7.39452367e-16\n",
      "  -1.15704963e-16  1.00000000e+00]]\n"
     ]
    }
   ],
   "source": [
    "Q, R, err = classical_gram_schmidt(A)\n",
    "if err == 1:\n",
    "    print(f\"Error occurred in Classical Gram-Schmidt for {name}\")\n",
    "else:\n",
    "    print(f\"\\nResults for\")\n",
    "    print(\"Q^T * Q:\")\n",
    "    print(np.dot(Q.T, Q))  # This should ideally be close to the identity matrix"
   ]
  },
  {
   "cell_type": "code",
   "execution_count": 11,
   "id": "3c5ab1ea-9f4d-4c8d-b7c7-70def8dd04a2",
   "metadata": {},
   "outputs": [
    {
     "data": {
      "text/plain": [
       "(array([[ 7.91519005e-01, -5.56499824e-01,  2.36121646e-01,\n",
       "         -8.49460811e-02,  2.76055933e-02, -8.27896038e-03,\n",
       "          2.31188757e-03, -6.03412932e-04,  1.47418380e-04,\n",
       "         -3.29827447e-05],\n",
       "        [ 3.95759503e-01,  2.01480278e-01, -6.13359598e-01,\n",
       "          5.39945880e-01, -3.24875025e-01,  1.56995996e-01,\n",
       "         -6.48952386e-02,  2.36651935e-02, -7.74201846e-03,\n",
       "          2.29191697e-03],\n",
       "        [ 2.63839668e-01,  2.94230248e-01, -3.35343759e-01,\n",
       "         -1.73296595e-01,  5.12467240e-01, -5.15301165e-01,\n",
       "          3.55347959e-01, -1.93919212e-01,  8.88273631e-02,\n",
       "         -3.51993502e-02],\n",
       "        [ 1.97879751e-01,  2.92632215e-01, -1.23193797e-01,\n",
       "         -3.58717084e-01,  2.75852001e-01,  1.62556579e-01,\n",
       "         -4.64650264e-01,  4.87733345e-01, -3.52607295e-01,\n",
       "          2.00374485e-01],\n",
       "        [ 1.58303801e-01,  2.72484187e-01,  6.14990118e-03,\n",
       "         -3.39140494e-01, -2.00417955e-02,  3.72209015e-01,\n",
       "         -2.12559517e-01, -1.94772563e-01,  4.52944200e-01,\n",
       "         -4.59164103e-01],\n",
       "        [ 1.31919834e-01,  2.49914451e-01,  8.36416048e-02,\n",
       "         -2.59732347e-01, -1.97267757e-01,  2.74991958e-01,\n",
       "          1.48972890e-01, -3.66057358e-01,  1.18262580e-01,\n",
       "          2.66092898e-01],\n",
       "        [ 1.13074144e-01,  2.28898004e-01,  1.30263977e-01,\n",
       "         -1.71843039e-01, -2.69666453e-01,  9.30118663e-02,\n",
       "          3.04555969e-01, -1.42324421e-01, -2.71595347e-01,\n",
       "          3.15151605e-01],\n",
       "        [ 9.89398756e-02,  2.10280133e-01,  1.58249825e-01,\n",
       "         -9.21052701e-02, -2.74676983e-01, -6.94927024e-02,\n",
       "          2.76619282e-01,  1.23069279e-01, -3.02892810e-01,\n",
       "         -5.55557770e-02],\n",
       "        [ 8.79465561e-02,  1.94022787e-01,  1.74711181e-01,\n",
       "         -2.46908994e-02, -2.41571516e-01, -1.79759270e-01,\n",
       "          1.54487671e-01,  2.65881519e-01, -1.00977123e-01,\n",
       "         -2.92948203e-01],\n",
       "        [ 7.91519005e-02,  1.79853929e-01,  1.83883053e-01,\n",
       "          3.05714358e-02, -1.89259694e-01, -2.36097251e-01,\n",
       "          1.00136811e-02,  2.68275843e-01,  1.26140805e-01,\n",
       "         -2.47945577e-01],\n",
       "        [ 7.19562732e-02,  1.67468284e-01,  1.88359298e-01,\n",
       "          7.51991602e-02, -1.29100168e-01, -2.47597943e-01,\n",
       "         -1.14456376e-01,  1.73638630e-01,  2.55121832e-01,\n",
       "         -3.77380508e-02],\n",
       "        [ 6.59599171e-02,  1.56587787e-01,  1.89771449e-01,\n",
       "          1.10954386e-01, -6.76168494e-02, -2.25482622e-01,\n",
       "         -1.99265142e-01,  3.66391323e-02,  2.55549661e-01,\n",
       "          1.70243178e-01],\n",
       "        [ 6.08860773e-02,  1.46975693e-01,  1.89170147e-01,\n",
       "          1.39462138e-01, -8.38469477e-03, -1.79890705e-01,\n",
       "         -2.38823531e-01, -9.73316331e-02,  1.54613274e-01,\n",
       "          2.66767582e-01],\n",
       "        [ 5.65370718e-02,  1.38435512e-01,  1.87245691e-01,\n",
       "          1.62103699e-01,  4.67776000e-02, -1.18984622e-01,\n",
       "         -2.35178349e-01, -1.97333170e-01,  3.55302232e-03,\n",
       "          2.22886624e-01],\n",
       "        [ 5.27679337e-02,  1.30805578e-01,  1.84459291e-01,\n",
       "          1.80012177e-01,  9.70789844e-02, -4.89565499e-02,\n",
       "         -1.93943152e-01, -2.45662401e-01, -1.43805146e-01,\n",
       "          7.26010768e-02],\n",
       "        [ 4.94699378e-02,  1.23953015e-01,  1.81123296e-01,\n",
       "          1.94102128e-01,  1.42317251e-01,  2.56685792e-02,\n",
       "         -1.21951018e-01, -2.34718069e-01, -2.41854857e-01,\n",
       "         -1.14036000e-01],\n",
       "        [ 4.65599415e-02,  1.17768305e-01,  1.77451457e-01,\n",
       "          2.05106696e-01,  1.82616630e-01,  1.01677915e-01,\n",
       "         -2.60045338e-02, -1.63819362e-01, -2.57081470e-01,\n",
       "         -2.54160800e-01],\n",
       "        [ 4.39732781e-02,  1.12160768e-01,  1.73591119e-01,\n",
       "          2.13612519e-01,  2.18271813e-01,  1.76851608e-01,\n",
       "          8.77230986e-02, -3.66111626e-02, -1.68132009e-01,\n",
       "         -2.68042179e-01],\n",
       "        [ 4.16588950e-02,  1.07054905e-01,  1.69644248e-01,\n",
       "          2.20089431e-01,  2.49656047e-01,  2.49703572e-01,\n",
       "          2.13920390e-01,  1.40842472e-01,  3.58617760e-02,\n",
       "         -8.81442077e-02],\n",
       "        [ 3.95759503e-02,  1.02387489e-01,  1.65681419e-01,\n",
       "          2.24914637e-01,  2.77167839e-01,  3.19281010e-01,\n",
       "          3.48174628e-01,  3.61367684e-01,  3.57529996e-01,\n",
       "          3.36937586e-01]]),\n",
       " array([[1.26339354e+00, 7.53827624e-01, 5.56804495e-01, 4.47678263e-01,\n",
       "         3.76983645e-01, 3.26915524e-01, 2.89342403e-01, 2.59973292e-01,\n",
       "         2.36310548e-01, 2.16793020e-01],\n",
       "        [0.00000000e+00, 1.73708754e-01, 2.00397760e-01, 1.99920969e-01,\n",
       "         1.92260132e-01, 1.82751367e-01, 1.73126000e-01, 1.63980224e-01,\n",
       "         1.55500740e-01, 1.47716091e-01],\n",
       "        [0.00000000e+00, 0.00000000e+00, 1.75050107e-02, 2.98251157e-02,\n",
       "         3.76757757e-02, 4.25670831e-02, 4.55395540e-02, 4.72528132e-02,\n",
       "         4.81262513e-02, 4.84317999e-02],\n",
       "        [0.00000000e+00, 0.00000000e+00, 0.00000000e+00, 1.55656707e-03,\n",
       "         3.49076890e-03, 5.32844684e-03, 6.92297691e-03, 8.25171210e-03,\n",
       "         9.33543168e-03, 1.02073001e-02],\n",
       "        [0.00000000e+00, 0.00000000e+00, 0.00000000e+00, 0.00000000e+00,\n",
       "         1.25727337e-04, 3.48390438e-04, 6.22256592e-04, 9.13403555e-04,\n",
       "         1.20077371e-03, 1.47254674e-03],\n",
       "        [0.00000000e+00, 0.00000000e+00, 0.00000000e+00, 0.00000000e+00,\n",
       "         0.00000000e+00, 9.30503252e-06, 3.06151098e-05, 6.25194953e-05,\n",
       "         1.02226015e-04, 1.46900148e-04],\n",
       "        [0.00000000e+00, 0.00000000e+00, 0.00000000e+00, 0.00000000e+00,\n",
       "         0.00000000e+00, 0.00000000e+00, 6.33172533e-07, 2.40680872e-06,\n",
       "         5.52296147e-06, 9.94532157e-06],\n",
       "        [0.00000000e+00, 0.00000000e+00, 0.00000000e+00, 0.00000000e+00,\n",
       "         0.00000000e+00, 0.00000000e+00, 0.00000000e+00, 3.96638897e-08,\n",
       "         1.70753410e-07, 4.34432640e-07],\n",
       "        [0.00000000e+00, 0.00000000e+00, 0.00000000e+00, 0.00000000e+00,\n",
       "         0.00000000e+00, 0.00000000e+00, 0.00000000e+00, 0.00000000e+00,\n",
       "         2.28737318e-09, 1.09849692e-08],\n",
       "        [0.00000000e+00, 0.00000000e+00, 0.00000000e+00, 0.00000000e+00,\n",
       "         0.00000000e+00, 0.00000000e+00, 0.00000000e+00, 0.00000000e+00,\n",
       "         0.00000000e+00, 1.21312991e-10]]),\n",
       " 0)"
      ]
     },
     "execution_count": 11,
     "metadata": {},
     "output_type": "execute_result"
    }
   ],
   "source": [
    "A= generate_hilbert_matrix(20, 10)\n",
    "classical_gram_schmidt(A)"
   ]
  },
  {
   "cell_type": "code",
   "execution_count": 12,
   "id": "696606dd-04a4-48a9-89d2-84c00bbe5dc8",
   "metadata": {},
   "outputs": [
    {
     "name": "stdout",
     "output_type": "stream",
     "text": [
      "\n",
      "Results for\n",
      "Q^T * Q:\n",
      "[[ 1.00000000e+00 -1.50253713e-16  8.28773961e-15 -1.07725273e-13\n",
      "   1.50945643e-12 -2.79213031e-11  5.43998610e-10 -9.49922723e-09\n",
      "   1.35986500e-07 -1.40519155e-06]\n",
      " [-1.50253713e-16  1.00000000e+00 -2.66786195e-15  3.17522538e-14\n",
      "  -2.53263713e-13  8.36801280e-13  2.85855623e-11 -1.57328371e-09\n",
      "   7.23823415e-08 -2.97568360e-06]\n",
      " [ 8.28773961e-15 -2.66786195e-15  1.00000000e+00 -4.66671488e-15\n",
      "   7.22966147e-14 -1.15217987e-12  1.46490055e-11  6.58801785e-11\n",
      "  -1.20945111e-08  5.12603728e-07]\n",
      " [-1.07725273e-13  3.17522538e-14 -4.66671488e-15  1.00000000e+00\n",
      "  -1.12631747e-15 -1.20400899e-15  7.11776769e-13 -1.59562938e-11\n",
      "  -5.04576547e-10  3.75413272e-08]\n",
      " [ 1.50945643e-12 -2.53263713e-13  7.22966147e-14 -1.12631747e-15\n",
      "   1.00000000e+00 -1.08213116e-16  7.89336771e-15 -3.54648035e-12\n",
      "   2.23654803e-10 -7.79377234e-09]\n",
      " [-2.79213031e-11  8.36801280e-13 -1.15217987e-12 -1.20400899e-15\n",
      "  -1.08213116e-16  1.00000000e+00  2.99781912e-15 -7.96634821e-14\n",
      "   8.10679522e-12 -5.28107332e-10]\n",
      " [ 5.43998610e-10  2.85855623e-11  1.46490055e-11  7.11776769e-13\n",
      "   7.89336771e-15  2.99781912e-15  1.00000000e+00 -9.88178092e-15\n",
      "   5.47108098e-13 -1.61111909e-11]\n",
      " [-9.49922723e-09 -1.57328371e-09  6.58801785e-11 -1.59562938e-11\n",
      "  -3.54648035e-12 -7.96634821e-14 -9.88178092e-15  1.00000000e+00\n",
      "  -8.01508708e-15  1.62656738e-12]\n",
      " [ 1.35986500e-07  7.23823415e-08 -1.20945111e-08 -5.04576547e-10\n",
      "   2.23654803e-10  8.10679522e-12  5.47108098e-13 -8.01508708e-15\n",
      "   1.00000000e+00 -1.34834722e-14]\n",
      " [-1.40519155e-06 -2.97568360e-06  5.12603728e-07  3.75413272e-08\n",
      "  -7.79377234e-09 -5.28107332e-10 -1.61111909e-11  1.62656738e-12\n",
      "  -1.34834722e-14  1.00000000e+00]]\n"
     ]
    }
   ],
   "source": [
    "Q, R, err = classical_gram_schmidt(A)\n",
    "if err == 1:\n",
    "    print(f\"Error occurred in Classical Gram-Schmidt for {name}\")\n",
    "else:\n",
    "    print(f\"\\nResults for\")\n",
    "    print(\"Q^T * Q:\")\n",
    "    print(np.dot(Q.T, Q))  # This should ideally be close to the identity matrix"
   ]
  },
  {
   "cell_type": "code",
   "execution_count": 18,
   "id": "8df70e5f-ae28-4f76-9d9e-90b03d2ff217",
   "metadata": {},
   "outputs": [],
   "source": [
    "import numpy as np\n",
    "\n",
    "def modified_gram_schmidt(A):\n",
    "    \"\"\"\n",
    "    Perform QR factorization of matrix A using the Modified Gram-Schmidt process.\n",
    "    \n",
    "    Parameters:\n",
    "        A (np.ndarray): Input matrix of shape (m, n).\n",
    "    \n",
    "    Returns:\n",
    "        Q (np.ndarray): Orthonormal matrix with shape (m, n).\n",
    "        R (np.ndarray): Upper triangular matrix with shape (n, n).\n",
    "        flag (int): Error flag, 0 if successful, 1 if an error occurs (e.g., linear dependency or instability).\n",
    "    \"\"\"\n",
    "    m, n = A.shape\n",
    "    Q = np.zeros((m, n))  # Matrix to store orthonormal columns\n",
    "    R = np.zeros((n, n))  # Upper triangular matrix\n",
    "    \n",
    "    V = A.copy()  # Work with a copy of A to preserve original input\n",
    "    \n",
    "    for i in range(n):\n",
    "        # Compute the norm of the i-th column of V\n",
    "        R[i, i] = np.linalg.norm(V[:, i])\n",
    "        \n",
    "        # Check if the norm is too small (indicating linear dependence or numerical instability)\n",
    "        if R[i, i] < np.finfo(float).eps:\n",
    "            return Q, R, 1  # Return error flag 1 if there's linear dependence or instability\n",
    "        \n",
    "        # Normalize the i-th column of V to get the i-th column of Q\n",
    "        Q[:, i] = V[:, i] / R[i, i]\n",
    "        \n",
    "        # Perform orthogonalization for the remaining columns in V\n",
    "        for j in range(i + 1, n):\n",
    "            R[i, j] = np.dot(Q[:, i], V[:, j])  # Compute the projection of V[:, j] onto Q[:, i]\n",
    "            V[:, j] = V[:, j] - R[i, j] * Q[:, i]  # Subtract the projection from V[:, j]\n",
    "    \n",
    "    return Q, R, 0  # Return the orthonormal matrix Q, upper triangular matrix R, and success flag 0\n"
   ]
  },
  {
   "cell_type": "code",
   "execution_count": 19,
   "id": "6e729061-7ee5-4702-b523-62a22381dd23",
   "metadata": {},
   "outputs": [
    {
     "data": {
      "text/plain": [
       "(array([[ 3.65981130e-01, -5.46289826e-02, -2.27452894e-04,\n",
       "         -3.80216754e-01,  1.14701038e-01,  6.49911911e-02,\n",
       "          5.71933681e-02, -2.64347828e-01, -5.56256136e-01,\n",
       "         -8.65627185e-02],\n",
       "        [ 3.20181810e-01, -1.15023076e-01,  5.21969512e-01,\n",
       "          1.74319074e-01,  2.08426617e-01,  1.95933515e-01,\n",
       "          6.96880467e-02,  9.21082278e-02, -8.24256024e-02,\n",
       "          1.81834016e-01],\n",
       "        [ 2.57012394e-01,  2.04194662e-03, -1.44188241e-01,\n",
       "          1.06516223e-01, -4.00438030e-01, -1.94609190e-01,\n",
       "          2.08958603e-01,  2.22516706e-01,  1.25189034e-01,\n",
       "          1.58082602e-01],\n",
       "        [ 3.60868997e-01, -5.72838826e-02, -4.46338464e-01,\n",
       "         -3.29933346e-01,  2.92549319e-01,  1.95645200e-03,\n",
       "          1.57607019e-01,  6.36811413e-02,  3.24739507e-01,\n",
       "          9.08028210e-02],\n",
       "        [ 1.41846784e-02,  2.52617125e-01, -2.04111584e-01,\n",
       "          2.74294046e-01, -2.10197553e-01,  1.99469738e-01,\n",
       "         -2.46450338e-01, -3.79353754e-01, -1.23916083e-01,\n",
       "          1.87712417e-01],\n",
       "        [ 1.49932279e-01,  3.57932716e-01,  2.83678902e-01,\n",
       "         -2.40815392e-01, -2.28873846e-02, -1.11746847e-01,\n",
       "          3.53500953e-01,  6.76016186e-02,  1.20960264e-01,\n",
       "          3.12928877e-02],\n",
       "        [ 1.77884823e-01,  2.22802363e-01,  5.79406941e-02,\n",
       "         -1.19314704e-01, -2.67004644e-01,  4.68416248e-01,\n",
       "         -3.16125944e-01,  2.80016540e-01,  8.03786136e-02,\n",
       "         -1.53561859e-01],\n",
       "        [ 2.72888295e-02,  2.86705291e-01, -2.32472167e-01,\n",
       "          1.17411925e-01,  3.37065650e-01,  5.19493244e-02,\n",
       "         -2.60778905e-01,  3.89904368e-01, -2.98959485e-01,\n",
       "          1.59383096e-01],\n",
       "        [ 3.44962680e-01, -1.16188036e-01,  2.76316472e-01,\n",
       "         -6.22736124e-02, -1.63203355e-01,  2.02444185e-01,\n",
       "         -1.42673443e-01, -2.11630201e-01,  1.55340426e-02,\n",
       "          7.95243293e-03],\n",
       "        [ 2.14254476e-01,  9.25525835e-02, -7.19396937e-02,\n",
       "          2.11182663e-02,  4.76125766e-02, -2.23747976e-02,\n",
       "          8.06549827e-02,  2.93425126e-01,  6.24156685e-02,\n",
       "         -3.71302592e-01],\n",
       "        [ 5.10362023e-02,  4.50218061e-01,  1.62796245e-01,\n",
       "         -4.80098882e-02,  1.88554881e-01, -4.76402546e-01,\n",
       "         -7.34594956e-02, -6.72161228e-02, -2.16043996e-01,\n",
       "          2.49304465e-01],\n",
       "        [ 4.55067022e-02,  4.52305201e-01,  1.16530743e-01,\n",
       "         -1.53990797e-01, -2.35847113e-01,  9.91546544e-02,\n",
       "          8.14099368e-02, -2.44286165e-02,  1.89675605e-01,\n",
       "          2.48618003e-02],\n",
       "        [ 2.42960694e-01,  6.39025019e-02, -2.56463043e-01,\n",
       "         -1.61510018e-02,  2.50981667e-01,  9.69126423e-02,\n",
       "         -1.19271887e-01, -4.37638327e-01,  2.48254115e-01,\n",
       "         -6.16019271e-02],\n",
       "        [ 1.09414511e-01,  1.41939974e-01, -2.46868013e-01,\n",
       "          2.15862189e-01, -3.24232654e-01,  3.46111237e-02,\n",
       "          4.15904433e-01, -2.04499874e-01, -2.26495344e-01,\n",
       "          9.87763069e-02],\n",
       "        [ 3.41656218e-01, -1.91272105e-01, -2.06698676e-01,\n",
       "          8.87452145e-02, -2.40951969e-01, -1.55990216e-01,\n",
       "         -1.46520113e-01,  2.99906778e-01, -3.20382797e-01,\n",
       "          3.59272328e-03],\n",
       "        [ 5.72028697e-03,  1.25811314e-01, -1.15827637e-01,\n",
       "          2.90188213e-01,  1.53955051e-01,  2.24730537e-01,\n",
       "          3.28854035e-01,  4.21484743e-02,  2.51401703e-02,\n",
       "          7.66082059e-02],\n",
       "        [ 3.11749817e-01, -1.98114322e-01,  1.45223497e-01,\n",
       "          4.36939059e-01,  5.27431599e-02, -2.99350327e-01,\n",
       "          2.46921450e-02, -1.02444944e-01,  1.32576377e-01,\n",
       "         -1.50254677e-01],\n",
       "        [ 1.33851693e-01,  2.71213579e-01,  2.76292113e-03,\n",
       "          1.33941834e-01, -4.56763368e-02, -3.35803131e-01,\n",
       "         -3.14025892e-01, -1.18789564e-01,  1.22786895e-01,\n",
       "         -4.82786844e-01],\n",
       "        [ 1.96781269e-01,  8.99132973e-03,  4.08709305e-02,\n",
       "          1.73278283e-01,  8.54009614e-02,  3.54657320e-03,\n",
       "         -2.50543253e-01,  4.70416065e-02,  3.07056954e-01,\n",
       "          5.20402746e-01],\n",
       "        [ 3.19535586e-02,  1.94563185e-01,  2.77533131e-02,\n",
       "          3.68007686e-01,  2.92806271e-01,  2.81127353e-01,\n",
       "          2.28106960e-01,  3.55819673e-02, -8.30641104e-02,\n",
       "         -3.07240994e-01]]),\n",
       " array([[ 2.72494843,  1.22893208,  1.7118374 ,  2.00882362,  2.06633922,\n",
       "          1.8805128 ,  1.84504644,  1.48577403,  2.29922151,  1.484664  ],\n",
       "        [ 0.        ,  1.79260417,  1.0553086 ,  0.56932816,  0.89739651,\n",
       "          1.40135266,  1.17200962,  1.34253564,  1.05916842,  0.97666129],\n",
       "        [ 0.        ,  0.        ,  1.01801172, -0.61789171, -0.00887107,\n",
       "         -0.32588402, -0.18678332, -0.08355807,  0.40567781,  0.02292051],\n",
       "        [ 0.        ,  0.        ,  0.        ,  1.2937306 ,  0.65067348,\n",
       "          0.55225916,  0.51010518,  0.44784192,  0.19535756,  0.89693349],\n",
       "        [ 0.        ,  0.        ,  0.        ,  0.        ,  1.3766704 ,\n",
       "          0.3741467 ,  0.16469826, -0.06702654,  0.10987442, -0.29213512],\n",
       "        [ 0.        ,  0.        ,  0.        ,  0.        ,  0.        ,\n",
       "          1.00036193,  0.18222591,  0.114573  ,  0.08418416, -0.20546899],\n",
       "        [ 0.        ,  0.        ,  0.        ,  0.        ,  0.        ,\n",
       "          0.        ,  1.2257649 , -0.38401045,  0.09765758, -0.02149017],\n",
       "        [ 0.        ,  0.        ,  0.        ,  0.        ,  0.        ,\n",
       "          0.        ,  0.        ,  0.97106951,  0.20724991,  0.26467272],\n",
       "        [ 0.        ,  0.        ,  0.        ,  0.        ,  0.        ,\n",
       "          0.        ,  0.        ,  0.        ,  1.14608888, -0.49527876],\n",
       "        [ 0.        ,  0.        ,  0.        ,  0.        ,  0.        ,\n",
       "          0.        ,  0.        ,  0.        ,  0.        ,  1.15389614]]),\n",
       " 0)"
      ]
     },
     "execution_count": 19,
     "metadata": {},
     "output_type": "execute_result"
    }
   ],
   "source": [
    "A= generate_uniform_matrix(20, 10)\n",
    "modified_gram_schmidt(A)"
   ]
  },
  {
   "cell_type": "code",
   "execution_count": 20,
   "id": "82ad17f6-4cd1-4692-ab14-75835a7624d4",
   "metadata": {},
   "outputs": [
    {
     "name": "stdout",
     "output_type": "stream",
     "text": [
      "\n",
      "Results for\n",
      "Q^T * Q:\n",
